4,2,3450202,8992541
4,2,3450213,9832468
4,2,3450224,9171965
4,2,3450235,9540319
4,2,3450246,10519464
4,2,3450257,10302534
4,2,3450268,8748755
4,2,3450279,9581981
4,2,3450290,9723120
4,2,3450301,9552839
4,2,3450312,9915375
4,2,3450323,10594112
4,2,3450334,8967554
4,2,3450345,8889738
4,2,3450356,9819897
4,2,3450367,9902804
4,2,3450378,9523956
4,2,3450389,10459466
4,2,3450400,9937972
4,2,3450411,8779196
4,2,3450423,9189108
4,2,3450434,9943374
4,2,3450445,9796469
4,2,3450456,9623902
4,2,3450467,10386740
4,2,3450478,9276274
4,2,3450489,8761845
4,2,3450500,9628941
4,2,3450511,10471725
4,2,3450522,9532527
4,2,3450533,10026541
4,2,3450544,9835273
4,2,3450555,9089889
4,2,3450566,8815662
4,2,3450577,10545801
4,2,3450588,10212043
4,2,3450599,9508320
4,2,3450610,9516944
4,2,3450621,9750028
4,2,3450632,8806052
4,2,3450643,9820468
4,2,3450654,10593021
4,2,3450665,10009866
4,2,3450676,8942620
4,2,3450687,9711796
4,2,3450698,9647018
4,2,3450709,9333467
4,2,3450720,9989763
4,2,3450731,10594995
4,2,3450742,9334455
4,2,3450753,8853791
4,2,3450764,9781248
4,2,3450775,9955738
4,2,3450786,9509099
4,2,3450797,10266899
4,2,3450808,9873610
4,2,3450819,8781118
4,2,3450830,9230146
4,2,3450841,10511412
4,2,3450852,9715900
4,2,3450863,9645719
4,2,3450874,9915219
4,2,3450885,9316221
4,2,3450896,8759871
4,2,3450907,10391415
4,2,3450918,10442375
4,2,3450929,9535333
4,2,3450940,9247392
4,2,3450951,9830027
4,2,3450962,8968074
4,2,3450973,9528995
4,2,3450984,10569541
4,2,3450995,10105916
4,2,3451006,8849168
4,2,3451017,9603331
4,2,3451028,9712315
4,2,3451039,9237626
4,2,3451050,9950231
4,2,3451061,10594215
4,2,3451072,9686654
4,2,3451083,8816026
4,2,3451094,9773924
4,2,3451105,9593201
4,2,3451116,9505152
4,2,3451127,10289600
4,2,3451138,10343416
4,2,3451149,8789014
4,2,3451160,9149680
4,2,3451171,10074903
4,2,3451182,9770495
4,2,3451193,9610655
4,2,3451204,10299366
4,2,3451215,9473256
4,2,3451226,8750157
4,2,3451237,9599487
4,2,3451248,10535256
4,2,3451259,9603695
4,2,3451270,9807326
4,2,3451281,9841455
4,2,3451292,9088850
4,2,3451303,8820649
4,2,3451315,10540606
4,2,3451326,10267418
4,2,3451337,9504268
4,2,3451348,9570397
4,2,3451359,9703432
4,2,3451370,8764339
4,2,3451381,9961192
4,2,3451392,10597072
4,2,3451403,9761041
4,2,3451414,8883505
4,2,3451425,9804988
4,2,3451436,9377934
4,2,3451447,9391803
4,2,3451458,10391727
4,2,3451469,10442791
4,2,3451480,9073006
4,2,3451491,9263807
4,2,3451502,9832468
4,2,3451513,9090616
4,2,3451524,9698809
4,2,3451535,10594995
4,2,3451546,9970491
4,2,3451557,8795507
4,2,3451568,9757872
4,2,3451579,9534709
4,2,3451590,9504476
4,2,3451601,10255263
4,2,3451612,10533697
4,2,3451623,8783559
4,2,3451634,9131498
4,2,3451645,9842961
4,2,3451656,9520891
4,2,3451667,9621097
4,2,3451678,10591099
4,2,3451689,9866182
4,2,3451700,8745742
4,2,3451711,9635226
4,2,3451722,9723743
4,2,3451733,9514658
4,2,3451744,10116669
4,2,3451755,10568346
4,2,3451766,8803507
4,2,3451777,9090357
4,2,3451788,9848104
4,2,3451799,9711796
4,2,3451810,9646655
4,2,3451821,10593436
4,2,3451832,9322351
4,2,3451843,8753274
4,2,3451854,9653407
4,2,3451865,10252717
4,2,3451876,9527489
4,2,3451887,9943842
4,2,3451898,10383935
4,2,3451909,9040903
4,2,3451920,8822727
4,2,3451931,9899064
4,2,3451942,10207160
4,2,3451953,9504996
4,2,3451964,10204251
4,2,3451975,9711848
4,2,3451986,8742625
4,2,3451997,9703172
4,2,3452008,10561697
4,2,3452019,9574916
4,2,3452030,9726289
4,2,3452041,9850078
4,2,3452052,9033111
4,2,3452063,8931140
4,2,3452074,10584345
4,2,3452085,10092098
4,2,3452096,9353571
4,2,3452107,9770859
4,2,3452118,9537774
4,2,3452129,8806156
4,2,3452140,10263990
4,2,3452151,10564917
4,2,3452162,9537878
4,2,3452173,9093733
4,2,3452184,9850441
4,2,3452195,9015501
4,2,3452207,9593877
4,2,3452218,10580190
4,2,3452229,10163784
4,2,3452240,8877271
4,2,3452251,9652369
4,2,3452262,9723951
4,2,3452273,9305416
4,2,3452284,9997035
4,2,3452295,10604293
4,2,3452306,9279598
4,2,3452317,8848129
4,2,3452328,9826442
4,2,3452339,9631850
4,2,3452350,9506918
4,2,3452361,10402220
4,2,3452372,10312456
4,2,3452383,8739404
4,2,3452394,9379908
4,2,3452405,9872363
4,2,3452416,9596630
4,2,3452427,9773768
4,2,3452438,10581592
4,2,3452449,9112590
4,2,3452460,8780650
4,2,3452471,9814079
4,2,3452482,10255315
4,2,3452493,9503074
4,2,3452504,10337027
4,2,3452515,9717510
4,2,3452526,8741482
4,2,3452537,9398557
4,2,3452548,10588086
4,2,3452559,9574604
4,2,3452570,9697614
4,2,3452581,9849507
4,2,3452592,8950256
4,2,3452603,9342662
4,2,3452614,10602734
4,2,3452625,10012463
4,2,3452636,9158615
4,2,3452647,9751795
4,2,3452658,9607902
4,2,3452669,8999294
4,2,3452680,10188303
4,2,3452691,10565904
4,2,3452702,9479490
4,2,3452713,9021735
4,2,3452724,9855013
4,2,3452735,9160952
4,2,3452746,9550345
4,2,3452757,10544502
4,2,3452768,10293340
4,2,3452779,8736859
4,2,3452790,9523021
4,2,3452801,9776313
4,2,3452812,9551332
4,2,3452823,9823897
4,2,3452834,10610838
4,2,3452845,9467074
4,2,3452856,8785481
4,2,3452867,9751171
4,2,3452878,9603227
4,2,3452889,9495541
4,2,3452900,10256821
4,2,3452911,10518893
4,2,3452922,8783715
4,2,3452933,9144226
4,2,3452944,9863376
4,2,3452955,9709718
4,2,3452966,9637875
4,2,3452977,10596553
4,2,3452988,9317104
4,2,3452999,8756131
4,2,3453010,9742496
4,2,3453021,10326689
4,2,3453032,9495489
4,2,3453043,10232822
4,2,3453054,10184459
4,2,3453065,8779559
4,2,3453076,9158511
4,2,3453087,10323105
4,2,3453098,9693718
4,2,3453110,9646758
4,2,3453121,10069657
4,2,3453132,9270924
4,2,3453143,8771092
4,2,3453154,10518633
4,2,3453165,10245497
4,2,3453176,9487126
4,2,3453187,9643486
4,2,3453198,9700731
4,2,3453209,8749949
4,2,3453220,9962698
4,2,3453231,10595358
4,2,3453242,9615227
4,2,3453253,9206821
4,2,3453264,9852363
4,2,3453275,9031449
4,2,3453286,9260378
4,2,3453297,10563359
4,2,3453308,10171005
4,2,3453319,9391648
4,2,3453330,9643901
4,2,3453341,9687485
4,2,3453352,8953009
4,2,3453363,10006438
4,2,3453374,10605124
4,2,3453385,9298040
4,2,3453396,8911348
4,2,3453407,9850701
4,2,3453418,9634447
4,2,3453429,9530917
4,2,3453440,10512815
4,2,3453451,10154538
4,2,3453462,8731872
4,2,3453473,9477256
4,2,3453484,9897194
4,2,3453495,9522554
4,2,3453506,10023684
4,2,3453517,10253496
4,2,3453528,8951659
4,2,3453539,8916491
4,2,3453550,9985087
4,2,3453561,9873298
4,2,3453572,9556683
4,2,3453583,10361442
4,2,3453594,9386505
4,2,3453605,8738521
4,2,3453616,9882960
4,2,3453627,10455414
4,2,3453638,9510034
4,2,3453649,9944569
4,2,3453660,9830390
4,2,3453671,8825168
4,2,3453682,9239236
4,2,3453693,10618994
4,2,3453704,9781041
4,2,3453715,9232068
4,2,3453726,9814546
4,2,3453737,9356012
4,2,3453748,9103499
4,2,3453759,10498322
4,2,3453770,10357962
4,2,3453781,9236535
4,2,3453792,9469620
4,2,3453803,9777352
4,2,3453814,9155446
4,2,3453825,9917453
4,2,3453836,10616137
4,2,3453847,9642083
4,2,3453858,8884284
4,2,3453869,9846546
4,2,3453880,9299131
4,2,3453891,9525099
4,2,3453902,10501282
4,2,3453913,10287418
4,2,3453924,8730625
4,2,3453935,9439543
4,2,3453946,9804209
4,2,3453957,9575903
4,2,3453968,9739068
4,2,3453979,10611618
4,2,3453990,9291546
4,2,3454002,8800598
4,2,3454013,9801300
4,2,3454024,9885713
4,2,3454035,9498814
4,2,3454046,10424817
4,2,3454057,10271314
4,2,3454068,8743768
4,2,3454079,9332169
4,2,3454090,9866805
4,2,3454101,9600474
4,2,3454112,9759846
4,2,3454123,10607098
4,2,3454134,9003709
4,2,3454145,8841895
4,2,3454156,9844312
4,2,3454167,10052047
4,2,3454178,9506138
4,2,3454189,10475465
4,2,3454200,9614603
4,2,3454211,8735560
4,2,3454222,9385570
4,2,3454233,10575878
4,2,3454244,9572734
4,2,3454255,9821403
4,2,3454266,9853195
4,2,3454277,9076071
4,2,3454288,8832181
4,2,3454299,10560450
4,2,3454310,10236873
4,2,3454321,9490087
4,2,3454332,9590708
4,2,3454343,9720419
4,2,3454354,8749430
4,2,3454365,10094851
4,2,3454376,10597488
4,2,3454387,9573773
4,2,3454398,9039137
4,2,3454409,9848260
4,2,3454420,9043241
4,2,3454431,9596630
4,2,3454442,10579930
4,2,3454453,10103215
4,2,3454464,8745274
4,2,3454475,9666290
4,2,3454486,9749197
4,2,3454497,9496892
4,2,3454508,10288717
4,2,3454519,10485646
4,2,3454530,8765949
4,2,3454541,9183497
4,2,3454552,9859896
4,2,3454563,9704575
4,2,3454574,9659641
4,2,3454585,10578268
4,2,3454596,9284482
4,2,3454607,8758313
4,2,3454618,9734029
4,2,3454629,10415830
4,2,3454640,9515333
4,2,3454651,10062385
4,2,3454662,9840987
4,2,3454673,8888647
4,2,3454684,8899504
4,2,3454695,10597696
4,2,3454706,9937556
4,2,3454717,9559436
4,2,3454728,9917661
4,2,3454739,9399544
4,2,3454750,8732963
4,2,3454761,10068358
4,2,3454772,10497698
4,2,3454783,9538034
4,2,3454794,9855532
4,2,3454805,9845714
4,2,3454816,8953165
4,2,3454827,8894985
4,2,3454838,10593280
4,2,3454849,10095578
4,2,3454860,9507905
4,2,3454871,9732522
4,2,3454882,9737094
4,2,3454893,8757534
4,2,3454905,9659797
4,2,3454916,10600761
4,2,3454927,9714185
4,2,3454938,9585617
4,2,3454949,9797871
4,2,3454960,9466555
4,2,3454971,8737638
4,2,3454982,10251730
4,2,3454993,10556034
4,2,3455004,9555488
4,2,3455015,9549514
4,2,3455026,9844260
4,2,3455037,9091136
4,2,3455048,8897270
4,2,3455059,10536606
4,2,3455070,10288768
4,2,3455081,9495749
4,2,3455092,9498035
4,2,3455103,9784573
4,2,3455114,8806468
4,2,3455125,9834857
4,2,3455136,10609384
4,2,3455147,9820053
4,2,3455158,9133317
4,2,3455169,9786703
4,2,3455180,9539592
4,2,3455191,8779871
4,2,3455202,10109189
4,2,3455213,10590319
4,2,3455224,9675848
4,2,3455235,9104850
4,2,3455246,9831741
4,2,3455257,9310247
4,2,3455268,8824078
4,2,3455279,10372299
4,2,3455290,10521386
4,2,3455301,9550917
4,2,3455312,9496425
4,2,3455323,9844416
4,2,3455334,9028540
4,2,3455345,8817480
4,2,3455356,10505646
4,2,3455367,10387363
4,2,3455378,9509515
4,2,3455389,9534190
4,2,3455400,9837091
4,2,3455411,8933529
4,2,3455422,8958152
4,2,3455433,10542061
4,2,3455444,10288820
4,2,3455455,9502450
4,2,3455466,9403076
4,2,3455477,9819949
4,2,3455488,8872232
4,2,3455499,9460425
4,2,3455510,10602371
4,2,3455521,9891531
4,2,3455532,9429933
4,2,3455543,9708835
4,2,3455554,9650706
4,2,3455565,8758157
4,2,3455576,10053034
4,2,3455587,10593956
4,2,3455598,9722912
4,2,3455609,9071032
4,2,3455620,9808832
4,2,3455631,9396738
4,2,3455642,9152329
4,2,3455653,10400350
4,2,3455664,10469439
4,2,3455675,9376168
4,2,3455686,9352688
4,2,3455697,9821819
4,2,3455708,8938620
4,2,3455719,9679225
4,2,3455730,10594995
4,2,3455741,10012463
4,2,3455752,8761690
4,2,3455763,9675069
4,2,3455774,9621253
4,2,3455786,9299650
4,2,3455797,10093916
4,2,3455808,10582579
4,2,3455819,9382921
4,2,3455830,8961113
4,2,3455841,9828572
4,2,3455852,9220328
4,2,3455863,9535644
4,2,3455874,10488919
4,2,3455885,10409441
4,2,3455896,8815506
4,2,3455907,9319286
4,2,3455918,9820572
4,2,3455929,9015969
4,2,3455940,9653563
4,2,3455951,10566943
4,2,3455962,10130902
4,2,3455973,8761845
4,2,3455984,9649460
4,2,3455995,9682913
4,2,3456006,9474763
4,2,3456017,9947062
4,2,3456028,10599981
4,2,3456039,9622707
4,2,3456050,8798832
4,2,3456061,9753041
4,2,3456072,9630551
4,2,3456083,9519645
4,2,3456094,10115318
4,2,3456105,10577229
4,2,3456116,8910257
4,2,3456127,8910361
4,2,3456138,9821975
4,2,3456149,10014230
4,2,3456160,9520788
4,2,3456171,10433648
4,2,3456182,9840208
4,2,3456193,8758936
4,2,3456204,9365674
4,2,3456215,10515152
4,2,3456226,9631174
4,2,3456237,9805144
4,2,3456248,10085397
4,2,3456259,9096279
4,2,3456270,8808909
4,2,3456281,9873766
4,2,3456292,10176355
4,2,3456303,9513775
4,2,3456314,10218796
4,2,3456325,9739899
4,2,3456336,8787299
4,2,3456347,9337156
4,2,3456358,10598267
4,2,3456369,9784625
4,2,3456380,9585098
4,2,3456391,9818442
4,2,3456402,9330870
4,2,3456413,8756339
4,2,3456424,10438583
4,2,3456435,10429960
4,2,3456446,9520735
4,2,3456457,9288637
4,2,3456468,9831221
4,2,3456479,8869219
4,2,3456490,9759639
4,2,3456501,10597020
4,2,3456512,9910076
4,2,3456523,8806468
4,2,3456534,9765197
4,2,3456545,9475126
4,2,3456556,9493152
4,2,3456567,10249549
4,2,3456578,10522788
4,2,3456589,8812182
4,2,3456600,9098980
4,2,3456611,9842182
4,2,3456622,9820416
4,2,3456633,9545151
4,2,3456644,10524139
4,2,3456655,9778288
4,2,3456667,8743248
4,2,3456678,9525670
4,2,3456689,9848000
4,2,3456700,9556319
4,2,3456711,9929920
4,2,3456722,10582320
4,2,3456733,8964541
4,2,3456744,8901998
4,2,3456755,9815793
4,2,3456766,10168252
4,2,3456777,9515437
4,2,3456788,10347572
4,2,3456799,9981763
4,2,3456810,8788754
4,2,3456821,9147031
4,2,3456832,9841351
4,2,3456843,9840312
4,2,3456854,9576890
4,2,3456865,10532606
4,2,3456876,9542345
4,2,3456887,8744443
4,2,3456898,9532735
4,2,3456909,10069761
4,2,3456920,9577565
4,2,3456931,9839948
4,2,3456942,10590527
4,2,3456953,9164225
4,1,3456964,8781429
4,2,3456965,8781429
4,1,3456975,9731795
4,2,3456976,9731795
4,1,3456986,10359260
4,2,3456987,10359260
4,1,3456997,9512528
4,2,3456998,9512528
4,1,3457008,10008879
4,2,3457009,10008879
4,1,3457019,9903323
4,2,3457020,9903323
4,1,3457030,8989736
4,2,3457031,8989736
4,1,3457041,8855401
4,2,3457042,8855401
4,1,3457052,10091059
4,2,3457053,10091059
4,1,3457063,10178641
4,2,3457064,10178641
4,1,3457074,9503957
4,2,3457075,9503957
4,1,3457085,10225965
4,2,3457086,10225965
4,1,3457096,9722549
4,2,3457097,9722549
4,1,3457107,8778520
4,2,3457108,8778520
4,1,3457118,9221834
4,2,3457119,9221834
4,1,3457129,10600397
4,2,3457130,10600397
4,1,3457140,9806495
4,2,3457141,9806495
4,1,3457151,9613045
4,2,3457152,9613045
4,1,3457162,9899791
4,2,3457163,9899791
4,1,3457173,9524684
4,2,3457174,9524684
4,1,3457184,8755456
4,2,3457185,8755456
4,1,3457195,9484373
4,2,3457196,9484373
4,1,3457206,10568034
4,2,3457207,10568034
4,1,3457217,9649200
4,2,3457218,9649200
4,1,3457228,9701302
4,2,3457229,9701302
4,1,3457239,9836000
4,2,3457240,9836000
4,1,3457250,9186822
4,2,3457251,9186822
4,1,3457261,8792754
4,2,3457262,8792754
4,1,3457272,10536035
4,2,3457273,10536035
4,1,3457283,10286275
4,2,3457284,10286275
4,1,3457294,9493204
4,2,3457295,9493204
4,1,3457305,9487490
4,2,3457306,9487490
4,1,3457316,9807274
4,2,3457317,9807274
4,1,3457327,8801533
4,2,3457328,8801533
4,1,3457338,9748054
4,2,3457339,9748054
4,1,3457349,10616241
4,2,3457350,10616241
4,1,3457360,9900051
4,2,3457361,9900051
4,1,3457371,8802260
4,2,3457372,8802260
4,1,3457382,9721094
4,2,3457383,9721094
4,1,3457393,9600526
4,2,3457394,9600526
4,1,3457404,9474087
4,2,3457405,9474087
4,1,3457415,10260925
4,2,3457417,10260925
4,1,3457426,10523464
4,2,3457428,10523464
4,1,3457437,8900595
4,2,3457439,8900595
4,1,3457448,9157212
4,2,3457450,9157212
4,1,3457459,9834442
4,2,3457461,9834442
4,1,3457470,9741249
4,2,3457472,9741249
4,1,3457481,9603850
4,2,3457483,9603850
4,1,3457492,10584969
4,2,3457494,10584969
4,1,3457503,9297157
4,2,3457505,9297157
4,1,3457514,8761897
4,2,3457516,8761897
4,1,3457525,9712523
4,2,3457527,9712523
4,1,3457536,10393233
4,2,3457538,10393233
4,1,3457547,9501879
4,2,3457549,9501879
4,1,3457559,10271418
4,2,3457560,10271418
4,1,3457570,9770911
4,2,3457571,9770911
4,1,3457581,8787975
4,2,3457582,8787975
4,1,3457592,9218353
4,2,3457593,9218353
4,1,3457603,10599462
4,2,3457604,10599462
4,1,3457614,9646083
4,2,3457615,9646083
4,1,3457625,9684524
4,2,3457626,9684524
4,1,3457636,9846442
4,2,3457637,9846442
4,1,3457647,9124849
4,2,3457648,9124849
4,1,3457658,8954048
4,2,3457659,8954048
4,1,3457669,10508555
4,2,3457670,10508555
4,1,3457680,10318066
4,2,3457681,10318066
4,1,3457691,9372791
4,2,3457692,9372791
4,1,3457702,9399907
4,2,3457703,9399907
4,1,3457713,9819897
4,2,3457714,9819897
4,1,3457724,8849220
4,2,3457725,8849220
4,1,3457735,9776106
4,2,3457736,9776106
4,1,3457746,10602423
4,2,3457747,10602423
4,1,3457757,9856987
4,2,3457758,9856987
4,1,3457768,8811506
4,2,3457769,8811506
4,1,3457779,9784158
4,2,3457780,9784158
4,1,3457790,9507697
4,2,3457791,9507697
4,1,3457801,9511697
4,2,3457802,9511697
4,1,3457812,10315625
4,2,3457813,10315625
4,1,3457823,10481023
4,2,3457824,10481023
4,1,3457834,8786104
4,2,3457835,8786104
4,1,3457845,9173264
4,2,3457846,9173264
4,1,3457856,9871065
4,2,3457857,9871065
4,1,3457867,9685822
4,2,3457868,9685822
4,1,3457878,9660161
4,2,3457879,9660161
4,1,3457889,10534736
4,2,3457890,10534736
4,1,3457900,9174562
4,2,3457901,9174562
4,1,3457911,8757949
4,2,3457912,8757949
4,1,3457922,9826858
4,2,3457923,9826858
4,1,3457933,10283574
4,2,3457934,10283574
4,1,3457944,9486347
4,2,3457945,9486347
4,1,3457955,10211576
4,2,3457956,10211576
4,1,3457966,9776625
4,2,3457967,9776625
4,1,3457977,8757482
4,2,3457978,8757482
4,1,3457988,9370506
4,2,3457989,9370506
4,1,3457999,10601124
4,2,3458000,10601124
4,1,3458010,9621253
4,2,3458011,9621253
4,1,3458021,9660005
4,2,3458022,9660005
4,1,3458032,9857506
4,2,3458033,9857506
4,1,3458043,9044592
4,2,3458044,9044592
4,1,3458054,8983554
4,2,3458055,8983554
4,1,3458065,10596761
4,2,3458066,10596761
4,1,3458076,10053034
4,2,3458077,10053034
4,1,3458087,9097473
4,2,3458088,9097473
4,1,3458098,9728782
4,2,3458099,9728782
4,1,3458109,9553930
4,2,3458110,9553930
4,1,3458120,9313208
4,2,3458121,9313208
4,1,3458131,10303313
4,2,3458132,10303313
4,1,3458142,10496347
4,2,3458143,10496347
4,1,3458153,9108538
4,2,3458154,9108538
4,1,3458164,9193886
4,2,3458165,9193886
4,1,3458175,9842546
4,2,3458176,9842546
4,1,3458186,9482139
4,2,3458187,9482139
4,1,3458197,9818027
4,2,3458198,9818027
4,1,3458208,10614319
4,2,3458209,10614319
4,1,3458219,9114304
4,2,3458220,9114304
4,1,3458230,8871193
4,2,3458231,8871193
4,1,3458241,9837247
4,2,3458242,9837247
4,1,3458252,10038801
4,2,3458253,10038801
4,1,3458263,9515021
4,2,3458264,9515021
4,1,3458274,10510269
4,2,3458275,10510269
4,1,3458285,9456893
4,2,3458286,9456893
4,1,3458296,8736028
4,2,3458297,8736028
4,1,3458307,9771950
4,2,3458308,9771950
4,1,3458318,10297599
4,2,3458319,10297599
4,1,3458329,9492632
4,2,3458331,9492632
4,1,3458340,10246743
4,2,3458342,10246743
4,1,3458351,9732990
4,2,3458353,9732990
4,1,3458362,8739976
4,2,3458364,8739976
4,1,3458373,9647486
4,2,3458375,9647486
4,1,3458384,10598735
4,2,3458386,10598735
4,1,3458395,9581721
4,2,3458397,9581721
4,1,3458406,9508684
4,2,3458408,9508684
4,1,3458417,9865714
4,2,3458419,9865714
4,1,3458428,8998047
4,2,3458430,8998047
4,1,3458439,9593980
4,2,3458441,9593980
4,1,3458450,10628292
4,2,3458452,10628292
4,1,3458461,9919791
4,2,3458463,9919791
4,1,3458473,8784858
4,2,3458474,8784858
4,1,3458484,9821975
4,2,3458485,9821975
4,1,3458495,9370090
4,2,3458496,9370090
4,1,3458506,9498087
4,2,3458507,9498087
4,1,3458517,10392922
4,2,3458518,10392922
4,1,3458528,10435518
4,2,3458529,10435518
4,1,3458539,8747664
4,2,3458540,8747664
4,1,3458550,9342610
4,2,3458551,9342610
4,1,3458561,9840312
4,2,3458562,9840312
4,1,3458572,9587227
4,2,3458573,9587227
4,1,3458583,9804261
4,2,3458584,9804261
4,1,3458594,10579047
4,2,3458595,10579047
4,1,3458605,8962931
4,2,3458606,8962931
4,1,3458616,8893115
4,2,3458617,8893115
4,1,3458627,9865714
4,2,3458628,9865714
4,1,3458638,9968257
4,2,3458639,9968257
4,1,3458649,9540319
4,2,3458650,9540319
4,1,3458660,10219472
4,2,3458661,10219472
4,1,3458671,9461153
4,2,3458672,9461153
4,1,3458682,8739249
4,2,3458683,8739249
4,1,3458693,10140668
4,2,3458694,10140668
4,1,3458704,10488400
4,2,3458705,10488400
4,1,3458715,9510242
4,2,3458716,9510242
4,1,3458726,9567592
4,2,3458727,9567592
4,1,3458737,9819326
4,2,3458738,9819326
4,1,3458748,8857323
4,2,3458749,8857323
4,1,3458759,9146148
4,2,3458760,9146148
4,1,3458770,10615046
4,2,3458771,10615046
4,1,3458781,9848676
4,2,3458782,9848676
4,1,3458792,9125317
4,2,3458793,9125317
4,1,3458803,9799222
4,2,3458804,9799222
4,1,3458814,9471594
4,2,3458815,9471594
4,1,3458825,8827402
4,2,3458826,8827402
4,1,3458836,10339936
4,2,3458837,10339936
4,1,3458847,10473595
4,2,3458848,10473595
4,1,3458858,9473308
4,2,3458859,9473308
4,1,3458869,9300117
4,2,3458870,9300117
4,1,3458880,9829455
4,2,3458881,9829455
4,1,3458891,8898829
4,2,3458892,8898829
4,1,3458902,9743587
4,2,3458903,9743587
4,1,3458913,10607098
4,2,3458914,10607098
4,1,3458924,9948933
4,2,3458925,9948933
4,1,3458935,8767975
4,2,3458936,8767975
4,1,3458946,9658342
4,2,3458947,9658342
4,1,3458957,9706030
4,2,3458958,9706030
4,1,3458968,9510034
4,2,3458969,9510034
4,1,3458979,10016463
4,2,3458980,10016463
4,1,3458990,10591151
4,2,3458991,10591151
4,1,3459001,8989944
4,2,3459002,8989944
4,1,3459012,8892387
4,2,3459013,8892387
4,1,3459023,9823325
4,2,3459024,9823325
4,1,3459034,9990282
4,2,3459035,9990282
4,1,3459045,9496892
4,2,3459046,9496892
4,1,3459056,10354481
4,2,3459057,10354481
4,1,3459067,9998074
4,2,3459068,9998074
4,1,3459078,8732807
4,2,3459079,8732807
4,1,3459089,9298975
4,2,3459090,9298975
4,1,3459100,10133707
4,2,3459101,10133707
4,1,3459111,9618447
4,2,3459112,9618447
4,1,3459122,9699069
4,2,3459123,9699069
4,1,3459133,10315209
4,2,3459134,10315209
4,1,3459144,9157004
4,2,3459145,9157004
4,1,3459155,8783871
4,2,3459156,8783871
4,1,3459166,10044411
4,2,3459167,10044411
4,1,3459177,10296041
4,2,3459178,10296041
4,1,3459188,9492840
4,2,3459189,9492840
4,1,3459199,10205082
4,2,3459200,10205082
4,1,3459210,9770495
4,2,3459211,9770495
4,1,3459221,8782416
4,2,3459222,8782416
4,1,3459232,9137213
4,2,3459234,9137213
4,1,3459243,10602371
4,2,3459245,10602371
4,1,3459254,9782443
4,2,3459256,9782443
4,1,3459265,9598032
4,2,3459267,9598032
4,1,3459276,9854545
4,2,3459278,9854545
4,1,3459287,9343649
4,2,3459289,9343649
4,1,3459298,8753222
4,2,3459300,8753222
4,1,3459309,10166122
4,2,3459311,10166122
4,1,3459320,10419622
4,2,3459322,10419622
4,1,3459331,9500788
4,2,3459333,9500788
4,1,3459342,9840676
4,2,3459344,9840676
4,1,3459353,9796001
4,2,3459355,9796001
4,1,3459364,8843869
4,2,3459366,8843869
4,1,3459376,9078565
4,2,3459377,9078565
4,1,3459387,10612708
4,2,3459388,10612708
4,1,3459398,9831637
4,2,3459399,9831637
4,1,3459409,9557150
4,2,3459410,9557150
4,1,3459420,9756418
4,2,3459421,9756418
4,1,3459431,9536372
4,2,3459432,9536372
4,1,3459442,8734262
4,2,3459443,8734262
4,1,3459453,10201706
4,2,3459454,10201706
4,1,3459464,10551047
4,2,3459465,10551047
4,1,3459475,9542034
4,2,3459476,9542034
4,1,3459486,9189887
4,2,3459487,9189887
4,1,3459497,9847533
4,2,3459498,9847533
4,1,3459508,9001320
4,2,3459509,9001320
4,1,3459519,9043293
4,2,3459520,9043293
4,1,3459530,10578683
4,2,3459531,10578683
4,1,3459541,10191160
4,2,3459542,10191160
4,1,3459552,9412582
4,2,3459553,9412582
4,1,3459563,9508892
4,2,3459564,9508892
4,1,3459574,9751743
4,2,3459575,9751743
4,1,3459585,8820234
4,2,3459586,8820234
4,1,3459596,9932725
4,2,3459597,9932725
4,1,3459607,10606630
4,2,3459608,10606630
4,1,3459618,9716263
4,2,3459619,9716263
4,1,3459629,8859453
4,2,3459630,8859453
4,1,3459640,9813767
4,2,3459641,9813767
4,1,3459651,9443595
4,2,3459652,9443595
4,1,3459662,9492684
4,2,3459663,9492684
4,1,3459673,10392714
4,2,3459674,10392714
4,1,3459684,10468764
4,2,3459685,10468764
4,1,3459695,8758209
4,2,3459696,8758209
4,1,3459706,9282456
4,2,3459707,9282456
4,1,3459717,9853454
4,2,3459718,9853454
4,1,3459728,9645356
4,2,3459729,9645356
4,1,3459739,9685770
4,2,3459740,9685770
4,1,3459750,10614007
4,2,3459751,10614007
4,1,3459761,9315598
4,2,3459762,9315598
4,1,3459772,8750157
4,2,3459773,8750157
4,1,3459783,9729665
4,2,3459784,9729665
4,1,3459794,10006438
4,2,3459795,10006438
4,1,3459805,9505463
4,2,3459806,9505463
4,1,3459816,10120721
4,2,3459817,10120721
4,1,3459827,10533541
4,2,3459828,10533541
4,1,3459838,8828856
4,2,3459839,8828856
4,1,3459849,9029008
4,2,3459850,9029008
4,1,3459860,9845039
4,2,3459861,9845039
4,1,3459871,9792157
4,2,3459872,9792157
4,1,3459882,9594552
4,2,3459883,9594552
4,1,3459893,10579566
4,2,3459894,10579566
4,1,3459904,9338662
4,2,3459905,9338662
4,1,3459915,8751456
4,2,3459916,8751456
4,1,3459926,9655537
4,2,3459927,9655537
4,1,3459937,10248665
4,2,3459938,10248665
4,1,3459948,9516891
4,2,3459949,9516891
4,1,3459959,9971530
4,2,3459960,9971530
4,1,3459970,10215160
4,2,3459971,10215160
4,1,3459981,9031916
4,2,3459982,9031916
4,1,3459992,8813584
4,2,3459993,8813584
4,1,3460003,9886752
4,2,3460004,9886752
4,1,3460014,10282794
4,2,3460015,10282794
4,1,3460025,9494554
4,2,3460026,9494554
4,1,3460036,10242588
4,2,3460037,10242588
4,1,3460047,9802079
4,2,3460048,9802079
4,1,3460058,8830519
4,2,3460059,8830519
4,1,3460069,9016696
4,2,3460070,9016696
4,1,3460080,10601280
4,2,3460081,10601280
4,1,3460091,9910492
4,2,3460092,9910492
4,1,3460102,9531956
4,2,3460103,9531956
4,1,3460113,9858597
4,2,3460115,9858597
4,1,3460124,9571643
4,2,3460126,9571643
4,1,3460135,8744287
4,2,3460137,8744287
4,1,3460146,9398661
4,2,3460148,9398661
4,1,3460157,10587514
4,2,3460159,10587514
4,1,3460168,9751847
4,2,3460170,9751847
4,1,3460179,9606967
4,2,3460181,9606967
4,1,3460190,9849455
4,2,3460192,9849455
4,1,3460201,9410556
4,2,3460203,9410556
4,1,3460212,8736495
4,2,3460214,8736495
4,1,3460223,10105604
4,2,3460225,10105604
4,1,3460234,10540606
4,2,3460236,10540606
4,1,3460245,9538657
4,2,3460247,9538657
4,1,3460257,9532527
4,2,3460258,9532527
4,1,3460268,9864415
4,2,3460269,9864415
4,1,3460279,9102304
4,2,3460280,9102304
4,1,3460290,8809792
4,2,3460291,8809792
4,1,3460301,10546269
4,2,3460302,10546269
4,1,3460312,10253341
4,2,3460313,10253341
4,1,3460323,9484685
4,2,3460324,9484685
4,1,3460334,9569617
4,2,3460335,9569617
4,1,3460345,9759275
4,2,3460346,9759275
4,1,3460356,8784390
4,2,3460357,8784390
4,1,3460367,9932466
4,2,3460368,9932466
4,1,3460378,10594423
4,2,3460379,10594423
4,1,3460389,9819066
4,2,3460390,9819066
4,2,3460400,8853999
4,2,3460411,9800781
4,2,3460422,9441517
4,2,3460433,9465620
4,2,3460444,10317183
4,2,3460455,10526633
4,2,3460466,9032176
4,2,3460477,9069162
4,2,3460488,9847688
4,2,3460499,9186562
4,2,3460510,9598084
4,2,3460521,10558735
4,2,3460532,10201082
4,2,3460543,8732028
4,2,3460554,9504113
4,2,3460565,9778235
4,2,3460576,9584682
4,2,3460587,9848468
4,2,3460598,10605280
4,2,3460609,9058669
4,2,3460620,8820493
4,2,3460631,9819585
4,2,3460642,10139629
4,2,3460653,9507489
4,2,3460664,10416453
4,2,3460675,9746236
4,2,3460686,8750053
4,2,3460697,9260170
4,2,3460708,10210485
4,2,3460719,9635434
4,2,3460730,9774599
4,2,3460741,10412921
4,2,3460752,9126408
4,2,3460763,8807195
4,2,3460774,10032775
4,2,3460785,10207004
4,2,3460796,9505099
4,2,3460807,10043424
4,2,3460818,9712887
4,2,3460829,8756391
4,2,3460840,9535748
4,2,3460851,10584242
4,2,3460862,9686238
4,2,3460873,9642343
4,2,3460884,9831325
4,2,3460895,9286923
4,2,3460906,8789377
4,2,3460917,10446219
4,2,3460928,10448920
4,2,3460939,9497567
4,2,3460950,9252587
4,2,3460961,9839792
4,2,3460972,8941633
4,2,3460983,9651849
4,2,3460994,10595514
4,2,3461005,9861714
4,2,3461016,8776079
4,2,3461027,9750133
4,2,3461038,9584111
4,2,3461049,9502866
4,2,3461060,10311365
4,2,3461071,10507308
4,2,3461082,8785949
4,2,3461093,9189471
4,2,3461104,9856935
4,2,3461115,9652888
4,2,3461126,9681926
4,2,3461137,10551671
4,2,3461149,9288378
4,2,3461160,8768546
4,2,3461171,9724107
4,2,3461182,10385441
4,2,3461193,9509463
4,2,3461204,10212562
4,2,3461215,9795846
4,2,3461226,8865791
4,2,3461237,9028072
4,2,3461248,10199679
4,2,3461259,9730964
4,2,3461270,9645096
4,2,3461281,10282535
4,2,3461292,9268170
4,2,3461303,8774313
4,2,3461314,10093500
4,2,3461325,10344040
4,2,3461336,9505723
4,2,3461347,9896830
4,2,3461358,9764833
4,2,3461369,8779559
4,2,3461380,9602344
4,2,3461391,10590111
4,2,3461402,9671797
4,2,3461413,9374194
4,2,3461424,9829143
4,2,3461435,9212899
4,2,3461446,9041734
4,2,3461457,10462063
4,2,3461468,10342014
4,2,3461479,8880751
4,2,3461490,9449776
4,2,3461501,9787638
4,2,3461512,9348117
4,2,3461523,9921713
4,2,3461534,10590423
4,2,3461545,9191497
4,2,3461556,8875141
4,2,3461567,9799170
4,2,3461578,10078228
4,2,3461589,9515281
4,2,3461600,10386636
4,2,3461611,9667797
4,2,3461622,8752651
4,2,3461633,9412271
4,2,3461644,10540035
4,2,3461655,9588786
4,2,3461666,9855065
4,2,3461677,9837351
4,2,3461688,8955659
4,2,3461699,8890881
4,2,3461710,10570424
4,2,3461721,10082384
4,2,3461732,9510762
4,2,3461743,9668628
4,2,3461754,9663537
4,2,3461765,8781326
4,2,3461776,9914804
4,2,3461787,10580501
4,2,3461798,9645356
4,2,3461809,8969944
4,2,3461820,9837195
4,2,3461831,9050358
4,2,3461842,9635278
4,2,3461853,10573956
4,2,3461864,10060203
4,2,3461875,8758105
4,2,3461886,9618292
4,2,3461897,9675433
4,2,3461908,9524943
4,2,3461919,10103526
4,2,3461930,10549230
4,2,3461941,8817480
4,2,3461952,9095084
4,2,3461963,9851636
4,2,3461974,9805456
4,2,3461985,9592786
